{
 "cells": [
  {
   "cell_type": "markdown",
   "id": "c6475451",
   "metadata": {},
   "source": [
    "# MSSMHbb-SPECT stage 1: Training\n",
    "\n",
    "## Description\n",
    "This is a standalone plugin to evaluate classification techniques for the MSSM Hbb analysis of the DESY CMS Higgs -> bb group. \n",
    "In this stage the trainings will be performed. \n",
    "\n",
    "This code is independent of CMSSW, however, running in the CMSSW area of the main analysis framework is recommended.\n",
    "\n",
    "\n",
    "## Installation\n",
    "Download the repository . It is recommended to clone it in the analysis-test area\n",
    "\n",
    "\n",
    "## Inputs\n",
    "This code reads the output of the MSSM  Hbb analysis, with the variables relevant for the training saved in a flat ntuple, ant their corresponding weight saved in a branch in an event-basis.\n"
   ]
  },
  {
   "cell_type": "code",
   "execution_count": 1,
   "id": "a5a1c0d1",
   "metadata": {},
   "outputs": [
    {
     "name": "stdout",
     "output_type": "stream",
     "text": [
      "Welcome to JupyROOT 6.24/08\n"
     ]
    }
   ],
   "source": [
    "import ROOT\n",
    "from ROOT import TMVA, TFile, TTree, TCut, TCanvas, TString\n"
   ]
  },
  {
   "cell_type": "code",
   "execution_count": 2,
   "id": "0798d925",
   "metadata": {},
   "outputs": [],
   "source": [
    "\n",
    "#load the input files and trees\n",
    "signalFile = TFile.Open(\"rootfiles_signal/mssmHbb_2018_FH_600_sr.root\")\n",
    "backgroundFileQCDbEnriched1 = TFile.Open(\"rootfiles_QCD/mssmHbb_2018_FH_QCD_bEnriched_HT100to200_sr.root\")\n",
    "backgroundFileQCDbEnriched2 = TFile.Open(\"rootfiles_QCD/mssmHbb_2018_FH_QCD_bEnriched_HT200to300_sr.root\")\n",
    "backgroundFileQCDbEnriched3 = TFile.Open(\"rootfiles_QCD/mssmHbb_2018_FH_QCD_bEnriched_HT300to500_sr.root\")\n",
    "backgroundFileQCDbEnriched4 = TFile.Open(\"rootfiles_QCD/mssmHbb_2018_FH_QCD_bEnriched_HT500to700_sr.root\")\n",
    "backgroundFileQCDbEnriched5 = TFile.Open(\"rootfiles_QCD/mssmHbb_2018_FH_QCD_bEnriched_HT700to1000_sr.root\")\n",
    "backgroundFileQCDbEnriched6 = TFile.Open(\"rootfiles_QCD/mssmHbb_2018_FH_QCD_bEnriched_HT1000to1500_sr.root\")\n",
    "backgroundFileQCDbEnriched7 = TFile.Open(\"rootfiles_QCD/mssmHbb_2018_FH_QCD_bEnriched_HT1500to2000_sr.root\")\n",
    "backgroundFileQCDbEnriched8 = TFile.Open(\"rootfiles_QCD/mssmHbb_2018_FH_QCD_bEnriched_HT2000toInf_sr.root\")\n",
    "\n",
    "backgroundFileQCDbGenFilter1 = TFile.Open(\"rootfiles_QCD/mssmHbb_2018_FH_QCD_HT100to200_BGenFilter_sr.root\")\n",
    "backgroundFileQCDbGenFilter2 = TFile.Open(\"rootfiles_QCD/mssmHbb_2018_FH_QCD_HT200to300_BGenFilter_sr.root\")\n",
    "backgroundFileQCDbGenFilter3 = TFile.Open(\"rootfiles_QCD/mssmHbb_2018_FH_QCD_HT300to500_BGenFilter_sr.root\")\n",
    "backgroundFileQCDbGenFilter4 = TFile.Open(\"rootfiles_QCD/mssmHbb_2018_FH_QCD_HT500to700_BGenFilter_sr.root\")\n",
    "backgroundFileQCDbGenFilter5 = TFile.Open(\"rootfiles_QCD/mssmHbb_2018_FH_QCD_HT700to1000_BGenFilter_sr.root\")\n",
    "backgroundFileQCDbGenFilter6 = TFile.Open(\"rootfiles_QCD/mssmHbb_2018_FH_QCD_HT1000to1500_BGenFilter_sr.root\")\n",
    "backgroundFileQCDbGenFilter7 = TFile.Open(\"rootfiles_QCD/mssmHbb_2018_FH_QCD_HT1500to2000_BGenFilter_sr.root\")\n",
    "backgroundFileQCDbGenFilter8 = TFile.Open(\"rootfiles_QCD/mssmHbb_2018_FH_QCD_HT2000toInf_BGenFilter_sr.root\")\n",
    "\n",
    "#output file\n",
    "outputFile = TFile.Open(\"TMVAOutput.root\", \"RECREATE\")"
   ]
  },
  {
   "cell_type": "code",
   "execution_count": 3,
   "id": "d298c230",
   "metadata": {},
   "outputs": [],
   "source": [
    "# Create a TMVA factory\n",
    "factory = TMVA.Factory(\"TMVA_Classification\", outputFile, \"AnalysisType=Classification\")\n",
    "\n",
    "# Define the DataLoader and set up the variables\n",
    "loader = TMVA.DataLoader(\"dataset\")\n",
    "\n",
    "# Get the signal and background TTrees\n",
    "signalTree = signalFile.Get(\"mssmhbb_MVA\")\n",
    "backgroundTreeQCDbEnriched1 = backgroundFileQCDbEnriched1.Get(\"mssmhbb_MVA\")\n",
    "backgroundTreeQCDbEnriched2 = backgroundFileQCDbEnriched2.Get(\"mssmhbb_MVA\")\n",
    "backgroundTreeQCDbEnriched3 = backgroundFileQCDbEnriched3.Get(\"mssmhbb_MVA\")\n",
    "backgroundTreeQCDbEnriched4 = backgroundFileQCDbEnriched4.Get(\"mssmhbb_MVA\")\n",
    "backgroundTreeQCDbEnriched5 = backgroundFileQCDbEnriched5.Get(\"mssmhbb_MVA\")\n",
    "backgroundTreeQCDbEnriched6 = backgroundFileQCDbEnriched6.Get(\"mssmhbb_MVA\")\n",
    "backgroundTreeQCDbEnriched7 = backgroundFileQCDbEnriched7.Get(\"mssmhbb_MVA\")\n",
    "backgroundTreeQCDbEnriched8 = backgroundFileQCDbEnriched8.Get(\"mssmhbb_MVA\")\n",
    "backgroundTreeQCDbGenFilter1 = backgroundFileQCDbGenFilter1.Get(\"mssmhbb_MVA\")\n",
    "backgroundTreeQCDbGenFilter2 = backgroundFileQCDbGenFilter2.Get(\"mssmhbb_MVA\")\n",
    "backgroundTreeQCDbGenFilter3 = backgroundFileQCDbGenFilter3.Get(\"mssmhbb_MVA\")\n",
    "backgroundTreeQCDbGenFilter4 = backgroundFileQCDbGenFilter4.Get(\"mssmhbb_MVA\")\n",
    "backgroundTreeQCDbGenFilter5 = backgroundFileQCDbGenFilter5.Get(\"mssmhbb_MVA\")\n",
    "backgroundTreeQCDbGenFilter6 = backgroundFileQCDbGenFilter6.Get(\"mssmhbb_MVA\")\n",
    "backgroundTreeQCDbGenFilter7 = backgroundFileQCDbGenFilter7.Get(\"mssmhbb_MVA\")\n",
    "backgroundTreeQCDbGenFilter8 = backgroundFileQCDbGenFilter8.Get(\"mssmhbb_MVA\")\n",
    "\n",
    "\n",
    "# Define the input variables based on your feature names and data types\n",
    "input_variables = {\n",
    "    \"dr_jets12\": \"F\",\n",
    "    \"dr_jets13\": \"F\",\n",
    "    \"dr_jets23\": \"F\",\n",
    "    \"eta_jet1\": \"F\",\n",
    "    \"eta_jet2\": \"F\",\n",
    "    \"eta_jet3\": \"F\",\n",
    "    \"deta_jet12\": \"F\",\n",
    "    \"deta_jet13\": \"F\",\n",
    "    \"deta_jet23\": \"F\",\n",
    "    \"phi_jet1\": \"F\",\n",
    "    \"phi_jet2\": \"F\",\n",
    "    \"phi_jet3\": \"F\",\n",
    "    \"dphi_jet12\": \"F\",\n",
    "    \"dphi_jet13\": \"F\",\n",
    "    \"dphi_jet23\": \"F\",\n",
    "    \"pT_jet1\": \"F\",\n",
    "    \"pT_jet2\": \"F\",\n",
    "    \"pT_jet3\": \"F\",\n",
    "    \"dpT_jet12\": \"F\",\n",
    "    \"dpT_jet13\": \"F\",\n",
    "    \"dpT_jet23\": \"F\",\n",
    "    \"pTratio_jet12\": \"F\",\n",
    "    \"pTratio_jet13\": \"F\",\n",
    "    \"pTratio_jet23\": \"F\",\n",
    "    \"pTimbalance_jet12\": \"F\",\n",
    "    \"pTimbalance_jet13\": \"F\",\n",
    "    \"pTimbalance_jet23\": \"F\",\n",
    "#    \"qglikelyhood_jet1\": \"F\",\n",
    "#    \"qglikelyhood_jet2\": \"F\",\n",
    "#    \"qglikelyhood_jet3\": \"F\"\n",
    "}\n",
    "\n",
    "# Add the input variables to the DataLoader\n",
    "for var_name, var_type in input_variables.items():\n",
    "    loader.AddVariable(var_name, var_type)"
   ]
  },
  {
   "cell_type": "code",
   "execution_count": 4,
   "metadata": {},
   "outputs": [
    {
     "name": "stdout",
     "output_type": "stream",
     "text": [
      "Expected: F, Actual: F\n",
      "Expected: F, Actual: F\n",
      "Expected: F, Actual: F\n",
      "Expected: F, Actual: F\n",
      "Expected: F, Actual: F\n",
      "Expected: F, Actual: F\n",
      "Expected: F, Actual: F\n",
      "Expected: F, Actual: F\n",
      "Expected: F, Actual: F\n",
      "Expected: F, Actual: F\n",
      "Expected: F, Actual: F\n",
      "Expected: F, Actual: F\n",
      "Expected: F, Actual: F\n",
      "Expected: F, Actual: F\n",
      "Expected: F, Actual: F\n",
      "Expected: F, Actual: F\n",
      "Expected: F, Actual: F\n",
      "Expected: F, Actual: F\n",
      "Expected: F, Actual: F\n",
      "Expected: F, Actual: F\n",
      "Expected: F, Actual: F\n",
      "Expected: F, Actual: F\n",
      "Expected: F, Actual: F\n",
      "Expected: F, Actual: F\n",
      "Expected: F, Actual: F\n",
      "Expected: F, Actual: F\n",
      "Expected: F, Actual: F\n"
     ]
    }
   ],
   "source": [
    "# Function to check variable names and types\n",
    "def check_variable_names_and_types(loader, expected_variables):\n",
    "    for var_name, var_type in expected_variables.items():\n",
    "        var_index = loader.GetDataSetInfo().FindVarIndex(var_name)\n",
    "        if var_index == -1:\n",
    "            print(f\"Variable '{var_name}' not found in the dataset.\")\n",
    "        elif loader.GetDataSetInfo().GetVariableInfo(var_index).GetVarType() != var_type:\n",
    "            print(f\"Variable '{var_name}' has an unexpected type. Expected: {var_type}, Actual: {loader.GetDataSetInfo().GetVariableInfo(var_index).GetVarType()}\")\n",
    "        else:\n",
    "            print(f\"Expected: {var_type}, Actual: {loader.GetDataSetInfo().GetVariableInfo(var_index).GetVarType()}\")\n",
    "\n",
    "# Call the function to check variable names and types\n",
    "check_variable_names_and_types(loader, input_variables)"
   ]
  },
  {
   "cell_type": "code",
   "execution_count": 5,
   "id": "a955b96e",
   "metadata": {},
   "outputs": [
    {
     "name": "stdout",
     "output_type": "stream",
     "text": [
      "<HEADER> DataSetInfo              : [dataset] : Added class \"Signal\"\n",
      "                         : Add Tree mssmhbb_MVA of type Signal with 144900 events\n",
      "<HEADER> DataSetInfo              : [dataset] : Added class \"Background\"\n",
      "                         : Add Tree mssmhbb_MVA of type Background with 10324 events\n",
      "                         : Add Tree mssmhbb_MVA of type Background with 3361 events\n",
      "                         : Add Tree mssmhbb_MVA of type Background with 2701 events\n",
      "                         : Add Tree mssmhbb_MVA of type Background with 2368 events\n",
      "                         : Add Tree mssmhbb_MVA of type Background with 1359 events\n",
      "                         : Add Tree mssmhbb_MVA of type Background with 207 events\n",
      "                         : Add Tree mssmhbb_MVA of type Background with 279 events\n",
      "                         : Add Tree mssmhbb_MVA of type Background with 133 events\n",
      "                         : Add Tree mssmhbb_MVA of type Background with 135 events\n"
     ]
    }
   ],
   "source": [
    "\n",
    "\n",
    "# load the signal and background trees\n",
    "loader.AddSignalTree(signalTree, 1.0)\n",
    "#loader.AddBackgroundTree(backgroundTreeQCDbEnriched1, 1.0)\n",
    "#loader.AddBackgroundTree(backgroundTreeQCDbEnriched2, 1.0)\n",
    "#loader.AddBackgroundTree(backgroundTreeQCDbEnriched3, 1.0)\n",
    "loader.AddBackgroundTree(backgroundTreeQCDbEnriched4, 1.0)\n",
    "loader.AddBackgroundTree(backgroundTreeQCDbEnriched5, 1.0)\n",
    "loader.AddBackgroundTree(backgroundTreeQCDbEnriched6, 1.0)\n",
    "loader.AddBackgroundTree(backgroundTreeQCDbEnriched7, 1.0)\n",
    "loader.AddBackgroundTree(backgroundTreeQCDbEnriched8, 1.0)\n",
    "#loader.AddBackgroundTree(backgroundTreeQCDbGenFilter1, 1.0)\n",
    "#loader.AddBackgroundTree(backgroundTreeQCDbGenFilter2, 1.0)\n",
    "#loader.AddBackgroundTree(backgroundTreeQCDbGenFilter3, 1.0)\n",
    "loader.AddBackgroundTree(backgroundTreeQCDbGenFilter4, 1.0)\n",
    "loader.AddBackgroundTree(backgroundTreeQCDbGenFilter5, 1.0)\n",
    "loader.AddBackgroundTree(backgroundTreeQCDbGenFilter6, 1.0)\n",
    "loader.AddBackgroundTree(backgroundTreeQCDbGenFilter7, 1.0)\n",
    "#loader.AddBackgroundTree(backgroundTreeQCDbGenFilter8, 1.0)\n",
    "\n",
    "\n"
   ]
  },
  {
   "cell_type": "code",
   "execution_count": 6,
   "metadata": {},
   "outputs": [],
   "source": [
    "# Define the signal and background cuts if needed\n",
    "#loader.PrepareTrainingAndTestTree(signalCut, backgroundCut, \"nTrain_Signal=:nTrain_Background=0:SplitMode=Random:NormMode=NumEvents:!V\")\n",
    "signalCut = \"\"\n",
    "backgroundCut = \"\"\n",
    "\n",
    "loader.PrepareTrainingAndTestTree(signalCut, backgroundCut, \"nTrain_Signal=1000:nTrain_Background=200:SplitMode=Random:NormMode=NumEvents:!V\")\n",
    "#loader.PrepareTrainingAndTestTree(signalCut, backgroundCut, \"nTrain_Signal=0.3:nTrain_Background=0.3:SplitMode=Random:NormMode=NumEvents:RandomSeed=1234:!V\")"
   ]
  },
  {
   "cell_type": "code",
   "execution_count": 7,
   "id": "8888d493",
   "metadata": {},
   "outputs": [
    {
     "data": {
      "text/plain": [
       "<cppyy.gbl.TMVA.MethodBDT object at 0x7b19400>"
      ]
     },
     "execution_count": 7,
     "metadata": {},
     "output_type": "execute_result"
    },
    {
     "name": "stdout",
     "output_type": "stream",
     "text": [
      "<HEADER> Factory                  : Booking method: BDT\n",
      "                         : \n",
      "                         : Building event vectors for type 2 Signal\n",
      "                         : Dataset[dataset] :  create input formulas for tree mssmhbb_MVA\n",
      "                         : Building event vectors for type 2 Background\n",
      "                         : Dataset[dataset] :  create input formulas for tree mssmhbb_MVA\n",
      "                         : Building event vectors for type 2 Background\n",
      "                         : Dataset[dataset] :  create input formulas for tree mssmhbb_MVA\n",
      "                         : Building event vectors for type 2 Background\n",
      "                         : Dataset[dataset] :  create input formulas for tree mssmhbb_MVA\n",
      "                         : Building event vectors for type 2 Background\n",
      "                         : Dataset[dataset] :  create input formulas for tree mssmhbb_MVA\n",
      "                         : Building event vectors for type 2 Background\n",
      "                         : Dataset[dataset] :  create input formulas for tree mssmhbb_MVA\n",
      "                         : Building event vectors for type 2 Background\n",
      "                         : Dataset[dataset] :  create input formulas for tree mssmhbb_MVA\n",
      "                         : Building event vectors for type 2 Background\n",
      "                         : Dataset[dataset] :  create input formulas for tree mssmhbb_MVA\n",
      "                         : Building event vectors for type 2 Background\n",
      "                         : Dataset[dataset] :  create input formulas for tree mssmhbb_MVA\n",
      "                         : Building event vectors for type 2 Background\n",
      "                         : Dataset[dataset] :  create input formulas for tree mssmhbb_MVA\n",
      "<HEADER> DataSetFactory           : [dataset] : Number of events in input trees\n",
      "                         : \n",
      "                         : \n",
      "                         : Number of training and testing events\n",
      "                         : ---------------------------------------------------------------------------\n",
      "                         : Signal     -- training events            : 1000\n",
      "                         : Signal     -- testing events             : 143900\n",
      "                         : Signal     -- training and testing events: 144900\n",
      "                         : Background -- training events            : 200\n",
      "                         : Background -- testing events             : 20667\n",
      "                         : Background -- training and testing events: 20867\n",
      "                         : \n",
      "<HEADER> DataSetInfo              : Correlation matrix (Signal):\n",
      "                         : ------------------------------------------------------------------------------------------------------------------------------------------------------------------------------------------------------------------------------------------------------------------------------------------------------------------------------\n",
      "                         :                    dr_jets12 dr_jets13 dr_jets23 eta_jet1 eta_jet2 eta_jet3 deta_jet12 deta_jet13 deta_jet23 phi_jet1 phi_jet2 phi_jet3 dphi_jet12 dphi_jet13 dphi_jet23 pT_jet1 pT_jet2 pT_jet3 dpT_jet12 dpT_jet13 dpT_jet23 pTratio_jet12 pTratio_jet13 pTratio_jet23 pTimbalance_jet12 pTimbalance_jet13 pTimbalance_jet23\n",
      "                         :         dr_jets12:    +1.000    +0.017    -0.117   -0.009   -0.031   +0.005     +0.315     +0.095     +0.174   -0.038   +0.050   +0.015     +0.940     -0.069     -0.374  -0.060  -0.069  -0.573    -0.010    +0.404    +0.367        +0.022        +0.487        +0.440            +0.012            +0.580            +0.480\n",
      "                         :         dr_jets13:    +0.017    +1.000    -0.142   +0.056   +0.064   +0.019     +0.002     +0.604     +0.485   -0.054   +0.002   -0.032     +0.015     +0.771     -0.712  +0.078  -0.233  -0.023    +0.265    +0.099    -0.166        +0.315        +0.044        -0.073            +0.281            +0.065            -0.099\n",
      "                         :         dr_jets23:    -0.117    -0.142    +1.000   +0.031   +0.008   -0.015     +0.062     +0.430     +0.628   +0.028   -0.025   -0.008     -0.148     -0.540     +0.562  -0.247  -0.000  -0.027    -0.256    -0.205    +0.038        -0.252        -0.063        +0.035            -0.227            -0.107            +0.043\n",
      "                         :          eta_jet1:    -0.009    +0.056    +0.031   +1.000   +0.576   +0.091     +0.032     +0.029     +0.054   +0.020   -0.054   +0.009     -0.017     +0.032     -0.010  -0.036  -0.044  -0.027    -0.011    -0.015    -0.013        +0.015        -0.004        -0.006            -0.010            +0.009            +0.005\n",
      "                         :          eta_jet2:    -0.031    +0.064    +0.008   +0.576   +1.000   +0.055     -0.008     +0.046     +0.018   -0.054   -0.005   +0.034     -0.026     +0.033     -0.006  -0.033  -0.059  +0.006    +0.003    -0.039    -0.050        +0.033        -0.032        -0.038            +0.004            -0.023            -0.030\n",
      "                         :          eta_jet3:    +0.005    +0.019    -0.015   +0.091   +0.055   +1.000     +0.045     -0.024     +0.026   -0.037   +0.009   +0.019     -0.005     +0.043     -0.037  +0.031  -0.019  +0.002    +0.052    +0.028    -0.022        +0.047        +0.012        -0.005            +0.048            +0.014            -0.016\n",
      "                         :        deta_jet12:    +0.315    +0.002    +0.062   +0.032   -0.008   +0.045     +1.000     -0.026     +0.036   -0.030   +0.057   +0.011     -0.014     -0.009     +0.012  -0.235  -0.238  -0.058    -0.052    -0.168    -0.135        -0.001        -0.068        -0.060            +0.001            -0.037            -0.040\n",
      "                         :        deta_jet13:    +0.095    +0.604    +0.430   +0.029   +0.046   -0.024     -0.026     +1.000     +0.556   -0.058   -0.002   +0.002     +0.107     +0.006     -0.058  -0.141  -0.108  -0.204    -0.076    +0.042    +0.078        -0.039        +0.144        +0.146            -0.047            +0.145            +0.144\n",
      "                         :        deta_jet23:    +0.174    +0.485    +0.628   +0.054   +0.018   +0.026     +0.036     +0.556     +1.000   -0.009   -0.008   -0.026     +0.168     +0.161     -0.233  -0.087  -0.164  -0.164    +0.038    +0.054    -0.001        +0.080        +0.101        +0.065            +0.064            +0.110            +0.062\n",
      "                         :          phi_jet1:    -0.038    -0.054    +0.028   +0.020   -0.054   -0.037     -0.030     -0.058     -0.009   +1.000   -0.450   -0.264     -0.029     -0.031     +0.038  +0.050  +0.056  +0.029    +0.006    +0.024    +0.030        -0.003        -0.001        +0.009            +0.001            -0.003            +0.004\n",
      "                         :          phi_jet2:    +0.050    +0.002    -0.025   -0.054   -0.005   +0.009     +0.057     -0.002     -0.008   -0.450   +1.000   +0.012     +0.034     +0.014     -0.026  -0.025  -0.010  -0.007    -0.012    -0.024    -0.023        -0.027        -0.019        -0.010            -0.013            -0.014            -0.018\n",
      "                         :          phi_jet3:    +0.015    -0.032    -0.008   +0.009   +0.034   +0.019     +0.011     +0.002     -0.026   -0.264   +0.012   +1.000     +0.011     -0.043     +0.030  +0.022  -0.001  -0.006    +0.019    +0.033    +0.024        +0.019        +0.022        +0.015            +0.003            +0.027            +0.029\n",
      "                         :        dphi_jet12:    +0.940    +0.015    -0.148   -0.017   -0.026   -0.005     -0.014     +0.107     +0.168   -0.029   +0.034   +0.011     +1.000     -0.072     -0.398  +0.023  +0.013  -0.582    +0.008    +0.483    +0.432        +0.024        +0.535        +0.483            +0.012            +0.622            +0.516\n",
      "                         :        dphi_jet13:    -0.069    +0.771    -0.540   +0.032   +0.033   +0.043     -0.009     +0.006     +0.161   -0.031   +0.014   -0.043     -0.072     +1.000     -0.876  +0.219  -0.195  +0.134    +0.391    +0.101    -0.265        +0.424        -0.059        -0.211            +0.387            -0.031            -0.238\n",
      "                         :        dphi_jet23:    -0.374    -0.712    +0.562   -0.010   -0.006   -0.037     +0.012     -0.058     -0.233   +0.038   -0.026   +0.030     -0.398     -0.876     +1.000  -0.206  +0.181  +0.155    -0.365    -0.318    +0.042        -0.404        -0.204        -0.038            -0.365            -0.265            -0.026\n",
      "                         :           pT_jet1:    -0.060    +0.078    -0.247   -0.036   -0.033   +0.031     -0.235     -0.141     -0.087   +0.050   -0.025   +0.022     +0.023     +0.219     -0.206  +1.000  +0.569  +0.383    +0.612    +0.629    +0.132        +0.425        +0.064        -0.079            +0.377            +0.110            -0.112\n",
      "                         :           pT_jet2:    -0.069    -0.233    -0.000   -0.044   -0.059   -0.019     -0.238     -0.108     -0.164   +0.056   -0.010   -0.001     +0.013     -0.195     +0.181  +0.569  +1.000  +0.254    -0.236    +0.329    +0.589        -0.472        +0.082        +0.253            -0.436            +0.032            +0.242\n",
      "                         :           pT_jet3:    -0.573    -0.023    -0.027   -0.027   +0.006   +0.002     -0.058     -0.204     -0.164   +0.029   -0.007   -0.006     -0.582     +0.134     +0.155  +0.383  +0.254  +1.000    +0.235    -0.459    -0.580        +0.126        -0.768        -0.744            +0.144            -0.836            -0.791\n",
      "                         :         dpT_jet12:    -0.010    +0.265    -0.256   -0.011   +0.003   +0.052     -0.052     -0.076     +0.038   +0.006   -0.012   +0.019     +0.008     +0.391     -0.365  +0.612  -0.236  +0.235    +1.000    +0.380    -0.390        +0.909        -0.043        -0.348            +0.941            +0.043            -0.372\n",
      "                         :         dpT_jet13:    +0.404    +0.099    -0.205   -0.015   -0.039   +0.028     -0.168     +0.042     +0.054   +0.024   -0.024   +0.033     +0.483     +0.101     -0.318  +0.629  +0.329  -0.459    +0.380    +1.000    +0.635        +0.295        +0.717        +0.559            +0.228            +0.822            +0.584\n",
      "                         :         dpT_jet23:    +0.367    -0.166    +0.038   -0.013   -0.050   -0.022     -0.135     +0.078     -0.001   +0.030   -0.023   +0.024     +0.432     -0.265     +0.042  +0.132  +0.589  -0.580    -0.390    +0.635    +1.000        -0.486        +0.712        +0.836            -0.479            +0.713            +0.904\n",
      "                         :     pTratio_jet12:    +0.022    +0.315    -0.252   +0.015   +0.033   +0.047     -0.001     -0.039     +0.080   -0.003   -0.027   +0.019     +0.024     +0.424     -0.404  +0.425  -0.472  +0.126    +0.909    +0.295    -0.486        +1.000        -0.018        -0.354            +0.908            +0.079            -0.394\n",
      "                         :     pTratio_jet13:    +0.487    +0.044    -0.063   -0.004   -0.032   +0.012     -0.068     +0.144     +0.101   -0.001   -0.019   +0.022     +0.535     -0.059     -0.204  +0.064  +0.082  -0.768    -0.043    +0.717    +0.712        -0.018        +1.000        +0.925            -0.061            +0.877            +0.810\n",
      "                         :     pTratio_jet23:    +0.440    -0.073    +0.035   -0.006   -0.038   -0.005     -0.060     +0.146     +0.065   +0.009   -0.010   +0.015     +0.483     -0.211     -0.038  -0.079  +0.253  -0.744    -0.348    +0.559    +0.836        -0.354        +0.925        +1.000            -0.372            +0.782            +0.870\n",
      "                         : pTimbalance_jet12:    +0.012    +0.281    -0.227   -0.010   +0.004   +0.048     +0.001     -0.047     +0.064   +0.001   -0.013   +0.003     +0.012     +0.387     -0.365  +0.377  -0.436  +0.144    +0.941    +0.228    -0.479        +0.908        -0.061        -0.372            +1.000            +0.014            -0.395\n",
      "                         : pTimbalance_jet13:    +0.580    +0.065    -0.107   +0.009   -0.023   +0.014     -0.037     +0.145     +0.110   -0.003   -0.014   +0.027     +0.622     -0.031     -0.265  +0.110  +0.032  -0.836    +0.043    +0.822    +0.713        +0.079        +0.877        +0.782            +0.014            +1.000            +0.840\n",
      "                         : pTimbalance_jet23:    +0.480    -0.099    +0.043   +0.005   -0.030   -0.016     -0.040     +0.144     +0.062   +0.004   -0.018   +0.029     +0.516     -0.238     -0.026  -0.112  +0.242  -0.791    -0.372    +0.584    +0.904        -0.394        +0.810        +0.870            -0.395            +0.840            +1.000\n",
      "                         : ------------------------------------------------------------------------------------------------------------------------------------------------------------------------------------------------------------------------------------------------------------------------------------------------------------------------------\n",
      "<HEADER> DataSetInfo              : Correlation matrix (Background):\n",
      "                         : ------------------------------------------------------------------------------------------------------------------------------------------------------------------------------------------------------------------------------------------------------------------------------------------------------------------------------\n",
      "                         :                    dr_jets12 dr_jets13 dr_jets23 eta_jet1 eta_jet2 eta_jet3 deta_jet12 deta_jet13 deta_jet23 phi_jet1 phi_jet2 phi_jet3 dphi_jet12 dphi_jet13 dphi_jet23 pT_jet1 pT_jet2 pT_jet3 dpT_jet12 dpT_jet13 dpT_jet23 pTratio_jet12 pTratio_jet13 pTratio_jet23 pTimbalance_jet12 pTimbalance_jet13 pTimbalance_jet23\n",
      "                         :         dr_jets12:    +1.000    +0.037    -0.234   +0.067   -0.079   -0.001     +0.205     +0.115     +0.163   +0.046   +0.053   -0.097     +0.955     -0.037     -0.464  +0.104  +0.084  -0.422    +0.090    +0.316    +0.323        +0.068        +0.425        +0.382            +0.057            +0.550            +0.465\n",
      "                         :         dr_jets13:    +0.037    +1.000    -0.273   -0.031   -0.047   -0.071     +0.106     +0.605     +0.395   -0.127   +0.033   +0.184     +0.000     +0.802     -0.711  +0.070  -0.081  +0.108    +0.277    +0.029    -0.150        +0.413        -0.040        -0.163            +0.329            -0.018            -0.243\n",
      "                         :         dr_jets23:    -0.234    -0.273    +1.000   -0.043   -0.106   +0.013     +0.051     +0.279     +0.566   +0.026   +0.096   +0.040     -0.261     -0.561     +0.611  -0.006  +0.146  +0.059    -0.253    -0.031    +0.145        -0.417        -0.055        +0.118            -0.358            -0.189            +0.057\n",
      "                         :          eta_jet1:    +0.067    -0.031    -0.043   +1.000   +0.594   +0.119     +0.063     +0.008     -0.022   +0.107   +0.010   +0.049     +0.057     -0.076     +0.019  +0.038  +0.047  -0.005    -0.016    +0.053    +0.058        -0.043        +0.102        +0.100            -0.101            +0.068            +0.080\n",
      "                         :          eta_jet2:    -0.079    -0.047    -0.106   +0.594   +1.000   +0.151     -0.046     -0.029     -0.174   -0.065   +0.006   +0.096     -0.067     -0.046     +0.059  +0.112  +0.072  +0.068    +0.115    +0.103    +0.047        +0.144        +0.066        +0.001            +0.085            +0.104            +0.016\n",
      "                         :          eta_jet3:    -0.001    -0.071    +0.013   +0.119   +0.151   +1.000     +0.008     -0.140     +0.018   +0.068   -0.087   -0.032     -0.007     +0.054     +0.006  -0.070  -0.092  -0.002    +0.008    -0.075    -0.096        +0.054        -0.064        -0.089            +0.006            -0.053            -0.053\n",
      "                         :        deta_jet12:    +0.205    +0.106    +0.051   +0.063   -0.046   +0.008     +1.000     +0.046     +0.067   +0.009   +0.013   -0.066     -0.078     +0.063     +0.003  +0.059  +0.039  +0.065    +0.051    +0.041    +0.004        -0.003        -0.029        -0.035            -0.037            -0.092            -0.105\n",
      "                         :        deta_jet13:    +0.115    +0.605    +0.279   +0.008   -0.029   -0.140     +0.046     +1.000     +0.484   -0.110   +0.071   +0.145     +0.096     +0.051     -0.144  -0.008  -0.024  -0.112    +0.012    +0.040    +0.044        +0.087        +0.092        +0.098            +0.049            +0.077            +0.025\n",
      "                         :        deta_jet23:    +0.163    +0.395    +0.566   -0.022   -0.174   +0.018     +0.067     +0.484     +1.000   -0.020   +0.087   +0.145     +0.143     +0.120     -0.252  +0.142  +0.156  +0.027    +0.057    +0.157    +0.172        -0.043        +0.074        +0.113            -0.048            +0.021            +0.048\n",
      "                         :          phi_jet1:    +0.046    -0.127    +0.026   +0.107   -0.065   +0.068     +0.009     -0.110     -0.020   +1.000   -0.484   -0.295     +0.054     -0.095     +0.073  -0.056  -0.029  -0.062    -0.066    -0.036    +0.004        -0.111        +0.053        +0.098            -0.086            +0.029            +0.096\n",
      "                         :          phi_jet2:    +0.053    +0.033    +0.096   +0.010   +0.006   -0.087     +0.013     +0.071     +0.087   -0.484   +1.000   +0.052     +0.052     -0.011     -0.019  +0.074  +0.067  -0.020    +0.045    +0.093    +0.087        +0.055        +0.085        +0.060            +0.026            +0.065            +0.023\n",
      "                         :          phi_jet3:    -0.097    +0.184    +0.040   +0.049   +0.096   -0.032     -0.066     +0.145     +0.145   -0.295   +0.052   +1.000     -0.086     +0.138     -0.075  -0.059  -0.086  +0.117    +0.040    -0.119    -0.158        +0.085        -0.186        -0.197            +0.105            -0.193            -0.225\n",
      "                         :        dphi_jet12:    +0.955    +0.000    -0.261   +0.057   -0.067   -0.007     -0.078     +0.096     +0.143   +0.054   +0.052   -0.086     +1.000     -0.062     -0.474  +0.095  +0.082  -0.446    +0.079    +0.317    +0.335        +0.070        +0.447        +0.405            +0.064            +0.592            +0.510\n",
      "                         :        dphi_jet13:    -0.037    +0.802    -0.561   -0.076   -0.046   +0.054     +0.063     +0.051     +0.120   -0.095   -0.011   +0.138     -0.062     +1.000     -0.799  +0.082  -0.099  +0.222    +0.339    -0.009    -0.238        +0.464        -0.149        -0.316            +0.381            -0.106            -0.345\n",
      "                         :        dphi_jet23:    -0.464    -0.711    +0.611   +0.019   +0.059   +0.006     +0.003     -0.144     -0.252   +0.073   -0.019   -0.075     -0.474     -0.799     +1.000  -0.121  +0.058  +0.056    -0.365    -0.165    +0.042        -0.494        -0.110        +0.071            -0.418            -0.244            +0.043\n",
      "                         :           pT_jet1:    +0.104    +0.070    -0.006   +0.038   +0.112   -0.070     +0.059     -0.008     +0.142   -0.056   +0.074   -0.059     +0.095     +0.082     -0.121  +1.000  +0.929  +0.552    +0.671    +0.926    +0.769        +0.150        +0.462        +0.393            +0.099            +0.413            +0.329\n",
      "                         :           pT_jet2:    +0.084    -0.081    +0.146   +0.047   +0.072   -0.092     +0.039     -0.024     +0.156   -0.029   +0.067   -0.086     +0.082     -0.099     +0.058  +0.929  +1.000  +0.508    +0.364    +0.866    +0.875        -0.185        +0.471        +0.522            -0.205            +0.351            +0.429\n",
      "                         :           pT_jet3:    -0.422    +0.108    +0.059   -0.005   +0.068   -0.002     +0.065     -0.112     +0.027   -0.062   -0.020   +0.117     -0.446     +0.222     +0.056  +0.552  +0.508  +1.000    +0.408    +0.199    +0.032        +0.059        -0.338        -0.338            +0.053            -0.380            -0.400\n",
      "                         :         dpT_jet12:    +0.090    +0.277    -0.253   -0.016   +0.115   +0.008     +0.051     +0.012     +0.057   -0.066   +0.045   +0.040     +0.079     +0.339     -0.365  +0.671  +0.364  +0.408    +1.000    +0.600    +0.197        +0.704        +0.205        -0.050            +0.707            +0.315            -0.015\n",
      "                         :         dpT_jet13:    +0.316    +0.029    -0.031   +0.053   +0.103   -0.075     +0.041     +0.040     +0.157   -0.036   +0.093   -0.119     +0.317     -0.009     -0.165  +0.926  +0.866  +0.199    +0.600    +1.000    +0.893        +0.143        +0.702        +0.622            +0.087            +0.660            +0.573\n",
      "                         :         dpT_jet23:    +0.323    -0.150    +0.145   +0.058   +0.047   -0.096     +0.004     +0.044     +0.172   +0.004   +0.087   -0.158     +0.335     -0.238     +0.042  +0.769  +0.875  +0.032    +0.197    +0.893    +1.000        -0.243        +0.739        +0.798            -0.265            +0.611            +0.724\n",
      "                         :     pTratio_jet12:    +0.068    +0.413    -0.417   -0.043   +0.144   +0.054     -0.003     +0.087     -0.043   -0.111   +0.055   +0.085     +0.070     +0.464     -0.494  +0.150  -0.185  +0.059    +0.704    +0.143    -0.243        +1.000        +0.036        -0.291            +0.882            +0.203            -0.308\n",
      "                         :     pTratio_jet13:    +0.425    -0.040    -0.055   +0.102   +0.066   -0.064     -0.029     +0.092     +0.074   +0.053   +0.085   -0.186     +0.447     -0.149     -0.110  +0.462  +0.471  -0.338    +0.205    +0.702    +0.739        +0.036        +1.000        +0.929            -0.020            +0.836            +0.810\n",
      "                         :     pTratio_jet23:    +0.382    -0.163    +0.118   +0.100   +0.001   -0.089     -0.035     +0.098     +0.113   +0.098   +0.060   -0.197     +0.405     -0.316     +0.071  +0.393  +0.522  -0.338    -0.050    +0.622    +0.798        -0.291        +0.929        +1.000            -0.316            +0.725            +0.852\n",
      "                         : pTimbalance_jet12:    +0.057    +0.329    -0.358   -0.101   +0.085   +0.006     -0.037     +0.049     -0.048   -0.086   +0.026   +0.105     +0.064     +0.381     -0.418  +0.099  -0.205  +0.053    +0.707    +0.087    -0.265        +0.882        -0.020        -0.316            +1.000            +0.136            -0.293\n",
      "                         : pTimbalance_jet13:    +0.550    -0.018    -0.189   +0.068   +0.104   -0.053     -0.092     +0.077     +0.021   +0.029   +0.065   -0.193     +0.592     -0.106     -0.244  +0.413  +0.351  -0.380    +0.315    +0.660    +0.611        +0.203        +0.836        +0.725            +0.136            +1.000            +0.833\n",
      "                         : pTimbalance_jet23:    +0.465    -0.243    +0.057   +0.080   +0.016   -0.053     -0.105     +0.025     +0.048   +0.096   +0.023   -0.225     +0.510     -0.345     +0.043  +0.329  +0.429  -0.400    -0.015    +0.573    +0.724        -0.308        +0.810        +0.852            -0.293            +0.833            +1.000\n",
      "                         : ------------------------------------------------------------------------------------------------------------------------------------------------------------------------------------------------------------------------------------------------------------------------------------------------------------------------------\n",
      "<HEADER> DataSetFactory           : [dataset] :  \n",
      "                         : \n"
     ]
    }
   ],
   "source": [
    "\n",
    "# Define the method (e.g., BDT) and add it to the factory ----> factory.BookMethod(loader, methodType, methodTitle, options)\n",
    "factory.BookMethod(loader, ROOT.TString(\"BDT\"), ROOT.TString(\"BDT\"), \"\")"
   ]
  },
  {
   "cell_type": "code",
   "execution_count": 8,
   "id": "4ba09dff",
   "metadata": {},
   "outputs": [
    {
     "name": "stdout",
     "output_type": "stream",
     "text": [
      "<HEADER> Factory                  : Train all methods\n",
      "<HEADER> Factory                  : [dataset] : Create Transformation \"I\" with events from all classes.\n",
      "                         : \n",
      "<HEADER>                          : Transformation, Variable selection : \n",
      "                         : Input : variable 'dr_jets12' <---> Output : variable 'dr_jets12'\n",
      "                         : Input : variable 'dr_jets13' <---> Output : variable 'dr_jets13'\n",
      "                         : Input : variable 'dr_jets23' <---> Output : variable 'dr_jets23'\n",
      "                         : Input : variable 'eta_jet1' <---> Output : variable 'eta_jet1'\n",
      "                         : Input : variable 'eta_jet2' <---> Output : variable 'eta_jet2'\n",
      "                         : Input : variable 'eta_jet3' <---> Output : variable 'eta_jet3'\n",
      "                         : Input : variable 'deta_jet12' <---> Output : variable 'deta_jet12'\n",
      "                         : Input : variable 'deta_jet13' <---> Output : variable 'deta_jet13'\n",
      "                         : Input : variable 'deta_jet23' <---> Output : variable 'deta_jet23'\n",
      "                         : Input : variable 'phi_jet1' <---> Output : variable 'phi_jet1'\n",
      "                         : Input : variable 'phi_jet2' <---> Output : variable 'phi_jet2'\n",
      "                         : Input : variable 'phi_jet3' <---> Output : variable 'phi_jet3'\n",
      "                         : Input : variable 'dphi_jet12' <---> Output : variable 'dphi_jet12'\n",
      "                         : Input : variable 'dphi_jet13' <---> Output : variable 'dphi_jet13'\n",
      "                         : Input : variable 'dphi_jet23' <---> Output : variable 'dphi_jet23'\n",
      "                         : Input : variable 'pT_jet1' <---> Output : variable 'pT_jet1'\n",
      "                         : Input : variable 'pT_jet2' <---> Output : variable 'pT_jet2'\n",
      "                         : Input : variable 'pT_jet3' <---> Output : variable 'pT_jet3'\n",
      "                         : Input : variable 'dpT_jet12' <---> Output : variable 'dpT_jet12'\n",
      "                         : Input : variable 'dpT_jet13' <---> Output : variable 'dpT_jet13'\n",
